ID_PARCEL	Estimation
1074068	17.23
9604694	12.70
1088764	8.58
1088761	15.99
9604695	7.20
1088760	14.79
9604696	6.93
1088763	9.67
9604697	13.80
1088759	10.04
1088758	15.13
1088683	14.01
1088684	15.13
9606319	3.81
1075323	4.97
1075322	6.13
9606320	5.28
1075318	8.40
1075315	15.76
1075316	3.05
9607551	6.94
9607571	22.86
3448020	10.18
1075321	5.41
1098744	22.22
3507862	25.34
9608211	14.72
9608353	19.21
3545695	15.92
3036982	7.46
10011371	7.09
10011372	3.82
3026755	22.96
3026756	14.41
3012833	15.98
3012835	9.01
3012834	6.06
3012832	11.50
3012830	7.06
3012829	10.55
3012828	7.91
3012827	15.82
3027751	4.39
3027761	20.90
3027760	3.56
3027754	9.88
2986594	7.48
2986593	6.53
2986596	20.23
2986595	4.59
2986604	21.47
2986598	13.27
2986603	17.81
2986606	14.97
2991725	8.52
2991724	5.43
3003064	11.73
3003051	16.18
2991512	9.80
3025754	10.20
3025756	7.95
3042867	21.75
3042869	8.00
3026526	10.39
3049903	20.16
3049902	12.81
10012320	9.53
3044290	11.45
3044278	6.73
3044280	20.28
3044279	5.36
3044276	9.82
3008553	12.85
3008554	14.93
3008555	12.27
3008556	14.31
3026521	18.49
10012334	4.45
2990042	12.88
2990047	5.55
2990045	16.68
2990123	11.12
2991389	7.61
2991387	12.42
2991383	12.01
2991392	5.55
2991394	16.79
10012386	15.99
3016911	16.36
3016903	7.71
3016909	28.03
3017209	18.04
3016904	21.59
3016913	20.11
3016908	25.80
3017205	26.92
3017208	12.18
3016910	23.65
3016906	12.66
3017210	22.02
3016914	28.68
3017204	28.24
3017207	9.73
3016901	23.50
3016982	10.04
3016984	16.35
3016912	19.24
3017212	25.30
3017206	12.37
3016902	10.59
3016981	27.16
3016907	22.67
3016980	26.30
3017203	18.10
3017211	18.50
3016905	26.08
3016983	18.21
3047321	25.58
3047319	23.00
3047322	22.29
3047316	22.08
3047318	21.64
3047314	22.26
3047317	21.30
3047315	28.44
3047320	26.15
3000144	9.32
3027188	21.16
10012458	20.74
3000695	9.64
3032734	20.49
3026625	8.00
3000765	28.24
10012459	13.44
3045477	6.42
3045478	7.70
3045464	14.51
3045465	4.65
3045468	10.23
3045466	7.67
3045476	5.50
3045474	4.10
3045472	3.59
3045471	5.61
3045470	6.82
3045473	3.76
3045475	4.36
3045479	6.60
3045467	5.78
3045469	7.20
3013223	7.24
2991468	7.07
2991471	14.87
2991472	17.47
2991397	4.87
2991470	6.07
2991469	7.64
2991466	9.55
2991395	5.52
2991396	9.66
2991393	5.73
2991467	4.74
2991384	16.11
2991391	7.90
2991386	10.16
2991385	2.47
2991388	6.86
2991390	13.74
3030465	22.56
3031839	5.00
3011511	8.62
3042569	6.67
3052222	14.21
3052221	28.07
3052220	20.07
3052223	10.88
3016836	5.20
3016918	13.88
3016917	20.93
3016916	17.14
10012697	18.50
2999115	18.11
2999117	5.52
3044982	22.51
10013038	6.87
10013039	4.22
2989970	14.50
2989972	13.55
2989975	18.65
3004101	19.54
10013392	5.50
10013393	11.89
10013394	5.42
3004026	14.19
3004028	14.70
3004027	13.85
3004014	16.12
3004102	15.45
3004024	20.38
3004023	15.10
3004017	7.80
3004016	10.23
3004096	13.53
3004015	28.58
3004021	8.71
3004022	22.63
3004097	6.63
3004095	8.19
3004012	6.36
3004013	16.05
3004011	27.39
10013405	18.97
3001545	15.65
3001548	5.68
10013406	14.58
3001543	5.77
3001549	8.80
3001546	13.00
3001544	17.88
10013407	13.65
10013408	13.77
10013409	13.29
10013410	17.44
3001552	13.85
3001542	15.10
10013411	18.71
10013412	13.04
3001621	27.27
3001550	17.18
3001551	14.86
3001619	10.54
3001618	19.29
3001617	13.82
3001620	8.45
10013461	9.69
3047825	16.00
3047824	6.38
3047823	5.16
3002490	20.79
3005704	7.96
10013719	10.61
3032557	6.98
3032555	9.63
10013720	13.08
10013721	15.71
3032730	11.74
3032651	8.07
10013722	2.52
10013723	9.11
3032729	8.89
10013724	27.35
3032722	22.20
3032653	12.42
3032732	17.58
10013839	18.88
10013840	10.41
3049754	17.77
3049753	14.91
3069678	19.55
3049759	12.97
3049821	23.55
3049757	14.69
10013977	6.62
2992730	16.54
2994409	17.08
2994411	14.69
2994410	2.90
2992727	11.04
2992726	14.71
2994413	9.34
2992736	7.48
2994407	14.05
2992738	4.74
10014088	3.83
2994403	10.84
2994404	5.62
2992733	21.69
2992729	6.21
2994398	26.22
2992732	12.98
2994841	14.34
2994840	19.12
3039662	15.68
3039669	13.57
3039670	12.43
3039671	14.06
3039673	5.99
3039675	17.38
3039674	7.16
3039743	14.85
3039664	15.39
3039665	2.87
3039663	6.28
3039668	26.48
3039677	11.25
3039667	19.67
3039672	11.10
3039676	20.43
3049956	8.99
3030043	13.80
2985706	6.37
2985710	20.58
3023500	12.10
3023499	14.10
3023503	4.74
3023502	13.49
3023501	9.80
3023508	18.41
3023509	9.40
3023505	13.80
3023506	10.89
3023510	13.93
3023507	15.50
3023497	10.06
3023496	14.67
3023504	8.91
3023498	7.44
3023511	14.86
3036420	9.52
3044259	10.49
3044258	27.28
3044261	9.92
3044256	19.29
3044262	13.70
3044257	11.18
3044260	17.58
3056200	23.36
3056131	20.12
3056130	19.26
3056128	11.26
3056129	19.83
3056125	19.47
3056201	19.54
3056126	9.35
3056127	20.49
3056124	17.18
3056121	12.08
3056202	18.69
3056205	21.59
3056208	22.86
3056207	9.33
3056206	13.51
3056204	8.90
10015156	5.90
10015173	4.62
10015174	12.08
3056122	25.69
3056123	10.97
10015175	22.21
10015176	12.31
3036658	8.25
3036749	24.93
3036752	25.42
3036750	9.39
3036751	15.61
10015229	16.09
3036659	8.24
3036757	9.76
3036748	9.30
1090217	8.07
3036747	4.75
3033742	13.78
3033743	6.88
3033750	7.76
3033749	5.20
3033744	13.26
3033747	14.18
3033748	7.40
3033741	6.04
3033746	13.06
3033745	20.64
3027853	8.68
3027770	17.13
3027854	4.02
3027768	10.05
3027847	8.05
3027772	13.17
3027767	7.15
10015327	14.41
3027769	4.17
3027850	13.81
3027852	27.90
3027851	12.94
3027849	3.55
3027848	6.50
10015328	13.49
10015329	22.52
2986904	13.54
2986908	10.32
2986984	19.97
2986905	10.66
2986983	7.17
2986987	8.26
2986986	9.59
2986901	11.95
2986903	10.94
2986982	12.69
2986902	2.45
2986988	11.72
2986900	10.01
3010904	14.57
3010996	10.02
10015725	6.74
2985413	12.61
2985408	8.25
2985423	21.75
2985424	13.15
2985419	22.11
2985420	8.83
2985401	22.96
2985412	20.91
2985410	13.75
2985403	10.99
3050125	20.60
3050188	16.09
3040369	8.40
3040370	11.55
3040286	7.36
3040294	17.19
3040293	23.89
3040295	10.61
3040297	15.32
2994238	20.64
2994239	3.11
2994253	20.71
2995298	26.09
2995375	24.47
2995293	24.47
3050130	5.80
3050127	12.81
3050128	16.05
3050126	12.70
3050129	11.72
3050202	5.88
3050203	7.53
3050204	6.33
3050197	21.37
3050198	16.18
3050199	25.14
3032539	23.96
3032601	23.46
3002676	13.15
10016254	22.44
3002607	13.55
3002612	15.19
3002606	21.41
3002611	3.07
10016297	11.28
10016298	12.04
10016299	24.18
10016300	18.89
3006247	23.77
3006246	6.70
10016301	16.95
10016302	13.48
10016303	6.44
10016304	27.34
10016305	25.15
10016306	18.94
10016307	24.93
10016353	17.96
3006321	13.94
3006316	6.98
3006314	5.79
10016479	16.69
10016480	18.98
10016481	24.22
10016482	20.15
3006239	11.54
3006238	12.41
3053176	26.24
3053258	28.19
3053364	27.93
10016515	16.54
3053357	27.97
3051952	12.27
3448744	12.65
3448202	12.74
10016519	5.07
10016520	6.79
10016521	14.46
10016522	4.77
3053265	25.69
3053276	26.88
10016523	9.03
10016524	8.86
10016525	9.99
10016526	9.94
3053374	28.17
10016527	18.40
10016528	17.16
10016529	17.54
10016539	10.08
3447860	16.69
3448913	13.47
3448122	16.00
3448830	10.20
10016540	5.98
10016541	10.98
10016542	10.36
10016543	6.64
10016544	6.42
10016545	6.52
3051960	18.97
3053277	16.07
10016546	5.96
10016547	15.05
2989535	18.50
10016549	16.46
10016556	10.78
2989540	17.70
2989541	13.23
2989539	12.08
2989450	10.47
2989538	13.78
2989447	15.82
2989448	16.87
10016557	14.84
2989533	15.98
2988759	19.18
2988761	9.44
2988762	4.08
2988758	7.89
10016572	10.30
2988765	8.54
2988756	23.27
2988757	3.27
2988755	12.25
2988754	7.32
2988763	13.05
10016573	18.62
3447862	11.01
3448741	14.30
10016668	8.41
3448903	10.56
3448019	10.63
10016697	8.82
10016698	5.68
10016699	5.72
3053178	27.07
3014050	10.29
3014127	5.65
3014051	3.51
3014128	14.21
3062685	5.42
3053183	24.84
3051955	17.17
3053269	28.20
10016717	11.32
3447066	10.61
3448837	10.08
3447853	13.06
3447866	14.33
3447861	14.41
10016718	8.81
3053181	26.87
3053355	26.29
3053185	8.43
3053262	27.82
3051958	27.56
3015753	8.03
3015750	22.33
3015742	3.71
3015939	15.89
3015743	5.59
3015843	5.20
3015833	16.74
3015841	10.81
3015745	8.19
3015834	10.28
3015836	17.53
3015941	7.52
10016781	27.14
3015837	11.09
3015840	9.95
3015754	8.01
10016805	16.81
10016806	6.79
2999313	8.62
3015936	9.83
3015937	8.36
3015848	9.77
3015759	6.45
3015831	11.94
3015942	11.34
3015849	9.78
3015846	9.02
3015744	14.94
3015758	11.15
3015934	10.44
3015747	16.81
3015940	13.58
3015844	9.13
3015944	10.17
3015946	18.62
3015755	3.18
3015935	7.94
10016902	7.10
3015835	13.56
3015933	8.93
3015938	8.29
10016947	16.02
10016949	7.50
10016951	15.86
10016952	8.93
10016953	9.03
10016954	16.78
10016955	10.36
3014723	16.13
2998684	5.93
2998686	5.71
2998685	12.39
10017021	8.88
10017090	16.57
3011969	14.47
3011869	5.64
3011973	8.93
3011965	8.19
3011975	8.21
3011979	19.60
3011873	6.91
3011865	7.34
3011879	11.71
3011878	13.03
3011977	16.56
3011863	4.23
3011974	13.00
3011860	21.53
3011970	19.84
3011967	21.42
10017104	5.82
10017155	20.77
2985445	11.15
2985457	6.59
2985456	11.37
2985458	5.87
10017156	20.03
2985432	18.50
2985438	20.55
2985437	10.78
2985442	8.80
2985463	22.61
2985462	6.97
2985427	13.19
3065878	17.76
2985452	18.98
10017163	14.52
2985465	nan
2985444	9.34
2985443	10.49
10017167	12.42
2985433	15.52
2985459	14.58
10017174	11.05
2985466	27.15
10017175	16.76
10017176	14.07
10017177	16.46
2985461	10.53
10017210	18.67
3037383	10.05
10017211	21.16
10017392	9.98
3037461	11.49
10017393	4.32
10017394	12.69
3037462	12.19
10017395	12.66
3037375	13.59
3037373	4.73
3037374	9.65
3037458	9.07
10017396	7.57
10017397	19.60
3037387	6.24
10017398	11.59
3037380	10.82
3037377	23.27
3037379	7.24
3037378	15.10
3037457	11.35
3011875	19.75
3011880	14.89
3011874	17.43
3022909	7.79
3022910	6.67
10017422	9.47
3022920	14.49
3022919	3.47
3022918	5.23
3022921	8.98
3022917	7.11
3022911	17.08
3022912	21.67
3022849	9.54
10017441	20.90
3022915	28.56
3022848	14.91
3022916	12.60
3022846	20.13
3022847	21.55
2994920	19.50
2994923	12.24
2994919	18.24
2994921	14.85
2994995	7.19
2994922	17.76
2994914	8.59
2994915	18.29
2994916	13.16
2994913	20.71
2994917	8.35
3008674	25.93
3054825	7.47
3054830	11.51
3054925	9.29
3054828	8.10
3054923	15.99
3054908	13.77
3058597	10.29
3054823	9.32
3059381	16.66
3054909	13.95
10017828	4.17
10017829	17.08
3054907	2.65
3054911	5.90
3069315	11.23
3054912	14.72
3019522	5.55
3021054	7.63
3021053	7.89
3019523	7.89
3021052	11.70
3021051	9.67
10017906	15.60
3054833	7.17
3054832	10.26
3054918	10.62
3054919	7.43
3021056	0.89
3021055	9.87
3019524	22.11
3014135	2.45
3014133	9.88
3014132	10.57
3014129	12.89
3014130	17.11
3014134	5.79
3014131	10.31
10017908	19.93
10017909	17.08
10017927	10.44
3054914	8.53
10017929	6.53
3054917	7.18
3054824	6.61
3028120	11.11
3028123	22.88
3012488	12.47
3012490	6.25
3012487	11.66
3012489	14.55
3042567	12.72
3042566	10.18
3042565	23.02
3042568	7.90
3042646	17.23
3042647	26.99
3042571	25.45
3042572	17.06
3042645	15.89
3042570	8.64
3011512	14.08
3042643	5.34
3017837	13.08
3016363	15.88
3016352	18.49
10018167	4.66
3017830	18.47
3000810	8.91
3000891	22.53
3000892	9.09
10018201	16.09
3042619	9.48
3042620	7.60
3042608	21.24
3042607	18.46
3042690	9.15
3042614	17.56
3042609	10.48
10018397	15.51
10018398	15.88
10018399	15.16
10018400	12.92
10018401	12.96
2992094	25.99
10018482	23.86
2992095	9.38
10018483	15.26
3042696	8.51
3042695	19.71
3042697	11.58
3042610	9.86
3042704	11.13
10018528	11.79
10018530	18.65
10018531	19.48
3042708	11.66
10018618	9.17
10018619	5.89
10018620	21.34
10018763	14.12
3031390	20.21
10018820	14.25
3016097	19.44
3015918	9.44
3015912	10.99
3015916	12.17
3015915	27.29
3015911	7.73
3016022	28.18
10019347	14.08
3015917	5.74
3016018	10.55
3016019	25.22
3015914	10.31
3016096	7.37
3016098	10.79
3015913	6.48
10019478	7.52
3027520	4.70
3027523	12.55
3027533	7.61
3027529	4.18
3027519	19.47
3027631	16.62
3027536	9.43
3027535	19.64
3027628	11.78
3027627	10.86
3027540	13.79
10019481	10.25
3027543	6.32
3027542	9.43
3027544	18.20
3027537	12.37
10019496	2.62
3027541	5.98
3027539	12.23
3027545	9.91
3027538	9.47
10019591	9.27
3038701	18.24
10019593	17.74
10019594	5.24
3038700	10.41
3038885	10.84
3038886	26.53
3038814	16.17
3038707	13.31
10019885	12.05
10019886	9.66
10019888	6.07
10019889	8.95
10020165	11.03
10020166	12.91
10020167	12.00
10020168	10.54
10020169	12.64
3020059	13.51
10020577	14.78
3032561	12.49
3032563	7.33
3032562	6.52
3032568	8.94
3032567	16.14
2989639	17.50
10020597	7.89
2989651	16.69
2989742	12.50
2989737	7.57
10020598	14.77
2989738	15.81
2989646	4.08
10020599	19.33
2989652	17.78
2989740	6.14
2989734	6.46
2989739	14.40
10020673	12.06
10020674	8.11
2989648	16.93
2985631	22.26
2985636	19.15
2985632	9.57
10020682	11.68
10020683	12.66
10020684	12.10
10020685	16.42
2985647	17.11
10020686	15.10
10020687	14.09
3056018	6.22
3056025	10.97
3056021	12.41
10020688	17.42
10020689	7.72
2989640	12.64
10020692	20.01
10020693	8.93
2989638	24.41
10020694	13.10
2989637	15.39
10020738	28.55
10020739	14.41
10020740	23.11
2985645	16.35
10020746	18.44
10020747	13.79
10020748	18.43
10020749	10.22
10020750	10.33
10020751	10.20
10020752	12.69
10020753	11.48
10020754	6.81
10020755	5.95
10020756	7.82
10020757	8.88
2985633	13.57
10020758	10.13
10020759	13.02
2985643	13.69
10020842	8.22
10020843	9.28
3000770	27.56
3000771	28.05
3000774	24.76
3018397	5.04
3018403	3.12
3018401	3.43
3018395	2.36
3018402	4.12
3018317	3.49
3018396	1.84
3018398	3.38
3018316	3.15
3018315	5.08
3018399	5.45
3018319	7.54
3018318	3.58
3018400	5.02
10020870	11.93
10020871	11.97
10020873	6.95
10021211	16.28
3043334	18.18
10021327	25.63
10021328	20.44
3043232	25.05
3043122	23.17
3043148	26.11
3043131	24.42
3043324	23.79
3043228	23.19
3043332	19.94
10021329	21.12
10021330	15.62
3044624	20.47
3043244	20.67
3043250	23.78
3043330	14.23
3043121	27.12
10021335	19.93
3043246	23.37
3043146	13.09
3043130	23.87
3043127	25.04
3043147	24.23
10021574	21.68
3043134	24.36
10021575	20.84
3043133	19.38
10021576	20.80
3043224	5.19
3044625	23.11
3043141	27.80
3043132	18.13
10021577	20.81
3043227	8.27
3043251	19.25
3043135	26.26
3043236	26.02
3043233	27.16
3044620	18.12
3044629	22.19
10021578	22.28
10021579	26.64
10021580	6.42
10021619	25.15
10021620	22.62
3044619	9.00
10021621	4.31
3044618	7.77
3044614	22.19
3044615	15.97
10021683	15.49
10021684	8.73
10021685	12.49
3043249	10.00
3043123	23.59
3043238	19.58
3043137	22.63
3043231	25.24
3043242	21.09
3043138	18.09
3043230	27.86
3043247	11.03
3043329	19.26
3043331	24.72
3043126	28.61
3043229	17.16
3043240	20.62
3043235	27.82
3043124	18.44
3043225	24.37
3043128	23.27
3043245	8.47
3043333	21.10
3044621	18.80
3044626	18.98
3043239	27.10
10021707	20.68
3043322	25.68
3043323	27.14
3043226	24.62
3043237	25.82
3043321	23.53
3043234	28.28
3043145	24.17
3043143	23.29
10021708	21.04
3044622	22.00
3043144	22.11
3043136	23.71
3043243	19.79
3043142	14.09
3043328	22.90
3043248	26.32
3040217	21.95
3039216	16.64
3039807	10.90
3039225	17.51
3040101	16.64
3039223	23.52
3039330	13.51
3040002	14.72
3040224	12.61
3039329	20.63
3040021	8.76
3039114	6.30
3039517	11.06
3039792	16.21
3011045	16.53
10021873	12.71
3010954	12.81
10021874	12.90
3010947	8.99
3010948	18.37
3011042	11.90
3011044	11.11
10021879	11.82
10021880	8.90
10021881	14.35
2990885	9.99
3050350	12.93
10021954	20.79
3039121	13.60
3039215	8.29
3039022	25.44
3040098	15.86
3040099	13.34
3039623	7.22
3039428	21.61
3040010	17.07
3021283	21.80
3039624	15.13
3038749	12.06
3040111	12.70
3039805	7.59
3039913	17.52
3039723	16.60
3033723	17.32
3033644	14.89
3033724	12.57
3033725	9.96
10022086	8.10
3008108	7.10
10022087	7.14
3008107	8.57
3008105	8.42
3008106	4.11
3006925	7.80
10022118	7.49
3006933	22.61
10022119	8.14
3006930	13.59
10022121	5.71
10022122	11.66
10022155	12.19
3008295	18.65
3008386	7.04
10022156	8.02
3007032	17.90
10022159	8.40
10022160	18.92
10022161	13.69
10022162	19.70
10022163	14.29
10022164	12.69
10022165	17.48
3006943	20.81
3008307	11.95
10022213	19.50
3008408	9.24
3008404	13.27
10022214	15.85
10022215	10.47
3008407	8.54
3008305	18.66
10022216	16.64
3008296	9.50
10022217	14.90
10022218	13.22
10022219	14.99
10022220	6.30
10022222	10.61
10022223	8.10
10022224	13.69
10022262	13.43
10022369	6.62
3008397	11.16
3008302	12.83
10022372	10.12
10022373	10.89
3008385	8.94
3008401	6.24
10022462	14.76
3008306	7.04
10022464	16.01
3008395	14.01
3008403	9.91
10022488	10.49
10022489	17.14
10022490	8.26
10022493	3.84
3008393	14.82
10022517	7.18
10022518	8.98
10022519	11.94
10022520	11.15
3008294	3.80
10022521	13.23
3008383	22.47
10022522	11.07
10022523	16.33
3008301	10.73
3008398	4.52
3008391	8.12
10022524	13.86
10022525	11.13
3008387	12.29
10022526	6.04
10022535	13.87
10022536	5.30
3008382	15.80
3008303	18.12
3008400	8.91
3006926	8.44
10022572	14.67
3008410	8.76
10022573	17.73
10022574	2.80
10022575	7.07
10022576	6.76
10022577	7.52
3008197	5.23
3008198	8.69
3008201	13.93
3008203	11.16
10022578	8.80
10022579	12.09
3006947	17.11
10022580	18.43
10022581	25.11
10022582	17.87
10022583	17.83
10022584	21.17
10022585	15.04
3007034	6.15
10022636	22.14
3006939	21.18
3006931	22.29
10022637	13.52
3006944	9.76
10022638	10.50
10022639	15.84
3008405	6.13
10022640	3.80
10022641	8.99
10022680	2.96
10022681	0.90
10022683	13.36
3002625	10.77
3002632	11.49
3002631	28.28
3002627	18.31
3002628	18.95
3002706	16.73
3002624	16.41
3003238	5.81
3003180	17.92
3003174	14.61
3002622	13.26
3002704	11.50
3003243	6.83
3003240	9.92
3003177	12.05
10022789	19.25
3031823	8.07
3031815	10.89
10022790	10.43
10022819	15.62
3031828	11.80
10022875	5.65
10022876	5.57
10022877	6.58
3003133	17.56
2999324	18.60
2999321	18.76
10022920	4.29
2999316	11.97
3004802	8.72
2999323	16.41
2999317	18.14
2999322	9.26
10022941	15.57
10022956	7.23
10022957	11.72
10022958	19.16
10022959	10.94
10022960	12.58
10022961	5.14
10022968	6.91
10022969	8.55
10022970	7.97
10022971	17.38
10022972	12.77
10023137	24.93
3004807	13.69
3004898	5.79
3004894	11.82
3004970	9.93
3004892	8.83
3004887	3.80
3004973	17.59
3004893	4.41
3004895	13.81
3004803	8.33
3004884	16.86
3004888	9.53
3004800	13.37
3004808	6.36
10023166	13.89
3004883	8.78
3004972	14.16
3004801	8.16
3004809	11.32
3004897	18.15
3004886	7.34
3033727	9.19
3004971	11.25
3004806	4.58
3004969	17.24
3004885	8.55
3004896	9.52
3004974	26.84
3004891	6.07
3004889	14.93
3004890	17.11
3004805	18.52
3021383	9.66
3021387	11.11
3021388	21.42
3021385	9.50
3021386	12.63
3021384	11.95
3021286	6.53
3021290	25.90
3021288	8.94
3021292	25.01
3021291	19.57
3021285	21.89
3021289	16.00
3021287	10.20
3021293	10.79
3021294	11.01
3021295	20.96
3021372	7.59
3021375	12.00
3021298	22.12
3021374	13.11
3021299	16.09
3021373	10.18
3021380	14.57
3021379	8.39
10023413	9.32
3021284	20.29
3021377	5.72
3021376	13.88
3021469	11.97
3021470	11.67
10023627	7.15
10023830	24.97
10023832	20.53
10023833	16.39
10023836	5.15
3068797	8.02
3059588	10.32
10024065	26.00
3068482	5.05
3059258	20.42
10024136	20.04
3064138	15.70
10024270	20.04
10024310	10.39
3059450	18.39
10024352	14.04
3059700	15.57
3055375	12.14
10024370	15.55
3056861	28.59
3061731	23.13
3066599	20.46
2985629	15.38
2985436	13.45
3070306	22.18
3057967	2.68
2989647	17.70
3059254	28.47
3059264	10.86
3062024	10.12
10024616	9.94
3066112	6.79
10024634	28.42
3061099	23.89
3062066	3.93
3062339	4.35
3062977	7.74
3057776	19.41
2985446	15.99
3060746	14.04
3063625	24.60
3067365	21.41
10024852	22.65
10024855	28.02
3070937	6.22
3066406	10.28
10024894	20.09
10024911	19.96
3068138	11.69
3061085	15.55
3068210	5.13
3060134	8.48
3066557	10.80
3059470	20.75
3068819	2.91
10025043	2.40
10025055	19.63
3063408	4.21
3068454	20.66
3061516	11.78
3066584	12.60
3064276	14.87
10025113	13.93
10025121	13.77
10025131	20.81
10025161	21.11
10025165	23.84
3062912	8.30
3068569	6.97
10025253	8.57
3060959	14.32
10025299	22.28
3058844	5.58
10025348	9.73
10025351	20.04
3063763	19.60
3069567	16.35
3068432	25.48
10025390	10.87
3060537	5.31
3067776	9.58
3069241	20.52
3060428	22.55
3058400	9.07
3059243	12.51
3008207	20.53
3057362	18.17
3062538	4.44
10025487	17.60
3069448	20.09
3065245	19.07
10025544	23.61
10025545	15.83
10025547	7.51
10025560	17.24
3066419	10.30
10025578	20.96
3059507	12.47
10025618	6.47
3062902	28.42
3057861	24.22
3064642	17.34
3008204	19.33
3058565	5.87
3070038	4.77
3058662	28.62
3008206	17.10
3064095	23.69
3060514	27.06
10025737	4.59
3060668	19.74
3059309	16.41
3070969	28.60
10025786	13.23
10025824	19.18
3059986	9.31
3061589	21.29
3068089	12.17
3061419	29.97
10025885	9.65
10025888	16.20
3064551	11.55
3066186	18.95
3058241	16.35
3061447	4.31
3057007	14.90
3066279	22.60
3066004	11.66
10026014	27.63
3070551	11.28
3063890	26.95
3070744	8.91
10026079	13.12
10026084	11.36
3070320	24.74
3066043	27.70
3066366	5.66
3058572	15.41
3062262	9.65
3069792	17.72
3069038	19.98
3066506	19.84
10026160	17.01
10026162	15.17
10026168	4.30
3007033	21.47
3059151	21.96
3055656	8.71
10026250	17.91
3060604	12.13
3058509	11.09
3067038	7.56
10026382	20.82
10026384	19.75
3061629	7.29
3059347	21.09
10026403	26.02
3064746	27.96
10026457	14.17
10026473	15.22
10026499	23.57
10026512	28.20
10026564	19.81
3065599	32.04
3059363	4.05
3060556	23.33
3056054	28.54
10026665	24.69
3063557	10.20
3054924	17.18
3067179	3.75
10026699	13.59
10026710	14.29
3057769	3.09
10026756	23.13
3062809	21.27
10026788	9.17
10026806	23.84
3067128	12.58
10026822	9.30
3057195	22.68
3068657	25.46
10026844	14.57
3067306	7.30
3065464	8.04
10026864	26.97
3058136	28.57
3068741	20.18
10026956	19.15
10026959	13.24
10026973	4.76
10026974	21.25
10026977	10.55
3069476	12.71
3070678	4.50
3067747	13.88
10027064	23.50
10027094	15.66
10027096	7.42
10027099	22.86
3058337	11.59
3057564	1.29
3057041	6.33
10027219	6.67
10027232	25.34
3068666	15.41
3062300	17.33
3061159	6.06
3056325	17.53
3057775	3.84
3064106	20.93
3061297	21.73
3064421	6.90
3070207	6.09
10027366	21.24
10027378	20.87
3060219	11.64
10027391	26.04
10027396	12.00
10027404	10.64
10027407	11.30
10027428	14.59
3066018	7.08
10027470	21.44
10027476	10.27
10027487	21.54
3055745	18.29
3061560	21.46
10027572	1.00
10027579	13.78
2985434	20.04
3069972	9.59
10027668	19.87
3068719	21.26
3061566	3.01
10027691	21.85
3061008	6.71
3068707	7.00
3057036	14.01
10027721	19.99
10027740	7.53
3066127	7.80
3069262	7.10
3064039	27.66
10027798	7.69
10027854	7.70
3057759	4.96
3059571	26.26
3020070	15.41
10027939	14.40
10027945	9.63
2989536	23.98
3061528	6.62
10027960	13.91
3063807	18.46
3056701	13.87
3451881	14.42
3451875	6.76
3451880	13.35
3451779	12.38
3451785	7.10
3451795	8.84
3472008	9.44
3471945	9.11
3471949	9.14
3478040	13.20
10115869	12.62
3527859	25.16
3478023	12.72
3546328	21.03
3554020	20.45
3478035	17.91
3537408	12.03
3478029	18.72
3519484	26.78
3524017	24.20
3478034	11.56
3537879	21.96
3557777	11.47
3548832	6.89
3478030	20.68
3504422	17.20
3514692	24.46
3478033	15.49
3478031	10.61
3478112	8.56
10115880	14.02
10115881	8.55
3478123	3.07
3478124	10.76
10115882	7.75
3478120	15.10
3478121	3.99
3478024	16.49
3478117	5.88
3478043	14.43
3478114	7.33
3481875	18.18
3555583	26.83
3478039	7.07
3478041	25.10
3478042	27.75
3478113	9.03
3478045	6.36
10115893	16.88
3478021	4.55
3513870	9.19
3478022	4.70
3478038	13.05
10115894	11.44
3482161	15.01
3482276	9.72
10115955	14.26
3481964	10.04
3482167	17.88
3481960	12.05
10116003	7.42
3481876	14.88
3481877	15.27
3482073	13.43
3464279	12.09
3464286	11.87
10116159	13.58
3541568	27.95
3442594	20.34
10116253	17.34
10116254	13.69
10116255	21.96
10116256	17.15
3463801	19.47
3551928	21.44
3555982	6.51
3498024	25.06
10116505	23.00
3506074	27.77
3466168	24.14
3509810	10.80
3466167	11.75
10116534	25.84
3463883	7.75
3463882	8.52
3439103	9.57
3439104	5.22
10117038	19.58
3490761	11.89
3490762	14.14
3490767	7.62
3490769	10.12
10117153	12.95
10117154	13.31
3523991	24.10
3490771	16.11
3490691	14.39
3490765	18.80
3490768	9.88
10117192	18.71
10117193	9.46
3490763	16.92
10117194	18.18
3490773	15.51
3490774	20.51
3490683	18.52
3490689	13.93
3490690	12.46
3490688	10.59
3490772	14.63
3438190	12.74
3438194	11.33
10117351	12.70
10117352	11.71
10117353	16.75
3438193	7.19
3439176	22.13
3439178	21.76
3439174	12.37
3439181	10.79
3488372	14.54
3501545	21.76
3488362	24.79
3553407	18.73
3556675	20.93
3537335	13.32
3488364	9.03
3488365	17.68
3488370	10.31
3488376	9.35
3532753	19.25
3520446	17.72
3517277	12.81
3548413	15.61
3535144	11.75
3488367	10.35
10117661	8.42
3521663	18.43
3488366	27.87
3488371	23.94
3532287	14.35
3488361	10.08
3553439	16.73
3552335	10.30
3488280	7.09
3553174	19.29
3488358	20.68
3512501	14.20
3488279	20.16
3533391	21.37
3516761	17.91
3506686	26.13
3508550	23.19
3488360	8.99
3467101	15.46
10117672	19.99
10117689	15.75
3467100	6.39
3460769	16.54
3460770	16.24
3460771	21.06
3460780	18.14
3460776	13.74
3460874	15.57
3460778	13.94
3552004	21.54
3460779	27.38
3516115	24.13
3541301	25.28
3460873	14.48
3530449	11.15
3460777	14.16
3527634	10.07
10117740	12.08
10117741	13.86
3460867	12.64
3460875	12.02
10117742	16.13
10117743	21.41
3539484	22.57
3460781	16.72
3460872	19.57
3460772	17.41
3538431	22.98
3460870	20.89
3460775	15.87
3460871	16.67
3460877	17.46
3460878	15.22
3501804	5.90
3460876	22.27
3460774	24.25
3496419	10.33
3464159	8.66
3496553	9.55
3496561	nan
3496560	21.08
3496612	12.72
3496611	1.87
3444953	10.40
3446303	12.36
3446305	14.74
3444964	11.18
3444966	16.37
10118186	9.30
3444949	9.26
10118187	7.09
10118188	12.18
10118189	15.31
3444958	14.32
3446300	15.56
3444956	10.51
10118190	10.89
3446299	21.23
3444963	13.84
10118191	4.91
3444952	17.35
10118192	13.65
3546442	17.94
3444955	9.65
10118200	11.40
3515555	13.16
10118201	8.33
10118202	8.04
10118203	14.72
3444960	18.21
10118204	8.86
3444962	12.38
3444959	5.10
3446302	8.09
10118205	12.79
10118206	9.55
10118207	9.68
3446298	7.76
3445035	9.55
3444971	9.88
3445034	18.43
3556816	0.76
3446297	5.67
3446295	8.82
3446294	9.21
3446296	16.81
3445037	18.70
3445038	13.18
3445036	9.80
3445043	6.61
3550510	19.84
3053368	16.10
10118289	26.36
10118293	23.83
3472687	18.67
3536606	21.52
10119255	16.69
10119256	17.71
3541836	17.02
10119257	19.50
3513113	9.12
3533567	26.74
3547731	27.28
3472704	14.04
3472685	17.66
3511416	23.16
3472705	16.65
10119272	15.54
10119273	14.60
3472686	16.97
10119274	16.65
10119275	22.61
10119276	17.85
10119277	16.55
3447118	14.89
3501341	12.01
3447119	18.43
3439180	15.03
3439179	17.61
3547987	13.46
10119278	10.00
3447122	16.81
3447121	13.61
10119279	13.83
3527762	20.05
10119280	12.35
10119298	12.51
3532882	20.29
3472680	20.90
3472602	21.16
3472678	22.31
3472684	24.12
3472679	21.38
3472681	16.50
3472682	20.37
3472677	20.30
3472683	17.63
3557690	8.93
3472322	6.03
10119348	13.77
3472257	17.59
3472247	11.29
3461569	13.71
3495188	14.29
3495187	15.79
10119975	16.47
10119976	25.12
10119977	12.33
10119978	19.71
10119979	21.22
10119980	13.78
10119981	14.83
10119982	11.24
10119983	22.15
10119984	17.80
10119985	22.93
10119986	23.08
10119987	28.50
3495189	16.66
3495191	16.00
10119988	27.15
3518056	22.68
10120047	11.73
3437670	25.24
3511693	15.72
3543917	22.10
10120049	12.19
3437673	21.21
3524546	17.98
3541651	18.54
3437674	7.00
10120060	20.85
10120061	8.66
3531481	21.30
3546212	14.79
3503776	19.68
3437666	17.92
3441223	3.63
10120389	12.03
10120390	15.95
10120391	14.07
10120392	8.82
10120393	11.12
10120394	9.26
10120395	9.48
10120396	13.57
10120397	11.60
10120398	13.06
10120432	25.80
10120433	19.21
10120434	21.49
10120435	21.85
10120436	12.79
10120437	12.21
10120438	12.46
10120439	13.81
10120440	12.72
10120441	12.93
10120442	13.04
10120443	13.54
10120444	12.73
10120445	15.14
10120446	13.64
10120447	11.00
10120605	13.77
10120606	12.65
10120607	13.56
10120608	15.00
10120654	15.23
10120655	13.85
10120656	13.98
10120657	11.98
10120658	18.37
10120659	7.44
10120660	13.80
10120661	18.11
10120662	16.77
10120663	8.41
10120664	8.35
10120665	6.80
10120666	9.07
10120667	12.24
10120668	11.52
10120669	24.01
10120670	5.94
10120671	18.34
10120675	8.87
10120676	12.13
10120677	6.57
10120678	8.42
10120679	2.37
10120680	4.74
10120681	2.45
10120682	5.91
10120683	4.76
10120684	4.87
10120685	9.46
10120686	20.82
10120687	12.52
10120688	16.06
10120689	16.94
10120690	9.60
10120691	11.44
10120692	20.20
10120693	11.77
10120694	11.28
10120695	10.63
10120696	12.82
10120697	7.66
10120698	23.95
10120699	10.13
10120700	25.60
10120714	7.90
10120715	6.76
10120716	8.07
10120717	6.82
10120718	8.90
10120719	6.16
10120720	9.62
10120721	26.37
10120722	18.81
10120723	15.26
10120724	20.28
10120725	11.13
10120726	11.27
10120727	7.01
10120728	27.50
10120729	12.75
10120730	12.28
10120731	13.55
10120732	11.09
10120733	13.64
10120734	12.42
10120735	4.69
10120759	5.84
10120760	7.34
10120761	9.50
10120762	20.97
10120763	7.91
10120764	16.23
10120765	27.16
10120766	12.27
10120767	18.53
10120768	20.00
10120775	5.40
10120776	12.20
10120777	14.53
10120778	17.77
10120779	20.66
10120780	16.77
10120781	20.71
10120782	12.01
10120783	16.34
10120784	15.83
10120817	9.61
10120818	14.36
10120819	6.91
10120820	8.11
10120821	15.46
10120822	4.89
10120823	21.13
10120824	21.57
10120825	11.02
10120826	20.96
10120827	7.72
10120828	10.36
10120829	24.67
10120830	19.66
10120831	24.01
10120832	20.60
10120833	14.38
10120834	23.61
10120835	11.76
10120836	9.97
10120837	19.01
3448125	9.46
3544869	7.23
3532250	8.03
3447865	15.37
3510159	16.00
3529355	10.15
3448120	9.23
3447610	13.11
3523336	17.82
3535061	7.94
10120911	22.06
10120912	3.13
10120913	7.05
10120914	15.27
10120915	7.61
10120916	6.21
10120917	27.82
10120918	26.85
10120919	14.42
10120947	9.96
10120948	14.35
10120949	9.36
10120950	9.87
10120951	8.26
10120952	12.54
10120956	19.82
10120957	25.02
10120958	9.71
10121291	17.71
3446968	17.08
3499410	14.05
3481341	16.66
3481342	16.92
3483728	9.86
3439698	17.64
10121300	19.46
10121301	18.55
3481340	14.71
3509973	14.02
3483727	9.20
3557660	21.69
3483729	15.47
3529480	19.49
10121302	12.01
3483734	14.77
10121303	11.40
3527553	21.43
3483736	7.26
3532536	12.91
3537079	22.59
3483735	6.94
3491903	15.77
3446886	20.01
3446708	15.58
3491901	10.25
10121307	12.48
10121308	20.76
3505945	16.68
10121310	16.15
3483730	9.46
3483731	15.85
10121318	8.06
10121319	19.13
10121323	20.51
10121324	18.44
3533940	24.67
3555282	19.64
10121325	26.43
10121326	16.11
10121327	15.45
10121328	26.49
3491894	9.50
10121329	20.66
10121330	12.71
3473998	19.44
10121332	28.32
10121345	23.47
3491918	25.95
3446962	18.43
3464052	16.61
3464060	7.30
3464054	10.97
3464057	17.64
3464056	15.35
3545116	28.05
3446882	12.90
3446975	12.51
3447054	11.67
3523114	12.29
3492002	16.39
3447150	16.67
3447194	16.67
10121364	17.69
10121365	11.34
10121367	11.46
10121368	12.24
3447052	10.67
3446315	8.99
3447124	11.65
3446319	15.81
10121397	13.94
3446313	13.39
3447188	19.65
3513659	20.93
3447181	17.46
3447183	6.85
3447184	11.05
3447182	5.71
3512100	6.65
3447109	20.94
3446971	16.76
10121413	16.55
10121414	8.66
3492890	10.53
3527659	15.10
3447126	10.37
3447125	15.04
3505230	7.06
3446317	17.88
10121417	15.17
3533241	19.88
3502698	25.91
3447113	19.39
3447114	16.91
3521211	21.74
10121420	10.85
3447199	18.00
10121429	28.40
10121430	15.08
3535388	20.48
10121431	15.95
3446307	9.48
3447191	24.22
10121432	22.27
3446321	13.03
3457051	20.51
10121433	21.95
10121434	17.87
10121435	24.70
3447123	15.69
3447534	19.68
10121436	21.50
10121437	20.86
3447192	19.72
3550788	11.68
3447185	9.61
10121446	8.95
3446316	18.80
3505223	26.40
10121447	11.16
3447193	10.43
3457045	19.74
3457047	10.21
3457046	8.56
3457048	10.71
3457052	21.88
10121448	21.86
10121449	16.08
3457049	11.97
10121450	26.69
10121451	21.91
10121452	24.75
10121468	14.59
10121469	6.56
3453029	23.36
3453030	20.84
3486909	13.06
3464481	16.53
3464480	18.26
3464402	16.45
3464400	19.68
3464483	11.15
3464482	7.11
3464401	11.31
3446884	19.32
3505463	12.22
3545795	11.31
10121489	7.33
3532689	12.98
3446800	9.49
3493176	23.05
3493180	9.48
3446973	7.39
10121517	13.68
3491805	18.75
3447208	10.17
3491916	9.76
3523919	23.36
3534760	19.09
10121577	8.07
10121578	12.38
10121581	5.78
3447227	9.78
3475334	10.86
10121585	8.72
3483732	13.12
3527448	19.84
3512277	15.30
3483240	20.03
3483044	16.63
3483244	14.99
3483026	9.26
3467528	16.93
3467527	16.07
10121749	22.57
10121750	19.80
3554819	22.61
3483025	10.22
3501859	17.92
3483030	20.66
3483028	16.21
3549127	19.03
3483031	17.08
10121773	8.88
10121774	10.16
10121775	12.28
10121776	13.10
10121777	9.40
10121778	10.15
10121779	12.02
10121780	12.68
10121781	14.87
10121908	12.97
10121909	10.41
3540314	21.96
3478050	8.46
3478052	10.45
3478051	13.16
3499924	20.50
3499817	19.36
3478048	9.14
3437127	16.82
10122021	20.45
10122022	20.18
10122023	26.88
10122025	22.18
10122026	14.89
10122027	14.30
3437053	11.52
10122028	1.99
3437050	27.83
10122030	18.01
3437130	12.21
3537349	26.00
3545256	18.14
10122031	23.91
3437126	5.77
10122069	9.74
10122070	4.48
3502197	12.58
10122071	15.88
10122072	15.72
3498291	20.15
10122073	23.47
10122074	24.23
10122075	17.44
10122076	21.99
3437046	13.58
10122077	23.81
10122078	23.32
10122079	22.24
10122080	15.82
3437049	21.99
3437129	18.68
10122081	10.97
3513217	4.15
3521206	25.14
3541430	13.49
3517659	8.19
3534192	21.56
3547068	16.21
10122118	19.77
3529008	23.70
3503980	20.77
3498578	3.26
3499375	10.08
3528663	14.88
10122134	18.32
10122136	16.18
10122137	13.61
10122138	27.15
10122139	17.53
10122142	23.80
10122143	17.21
3491788	15.12
10122157	12.07
10122162	23.01
10122163	20.90
10122164	16.71
3504729	20.10
10122165	6.88
10122169	15.52
10122170	22.82
3467524	13.92
3467525	15.64
10122268	16.06
3442839	16.52
3519713	19.50
3442845	10.72
3434345	13.69
3434348	14.76
3434346	14.36
3445187	17.78
10122333	14.30
3451878	10.44
3434990	20.69
3434992	13.22
3528475	27.17
3536303	27.32
3505619	17.17
3514139	19.35
3439908	9.70
10123112	21.23
10123113	15.33
3485393	27.40
3481344	9.72
3481343	15.13
3481345	18.15
3496043	22.29
10123396	15.38
10123397	13.22
3496098	21.09
3528932	9.80
10123400	7.21
10123401	9.86
3496104	8.22
3496042	10.78
3496103	9.16
3496102	8.77
10123577	12.54
10123578	9.79
3496046	14.50
3496106	10.37
3496110	16.92
3496111	10.61
10123760	22.74
3501843	18.99
3522034	21.90
3540813	14.68
10123761	11.59
3515924	26.78
3536079	18.81
3440100	27.30
10123762	15.14
3440095	16.35
10123763	18.10
10123764	17.03
10123765	19.11
10123766	25.64
10123767	13.28
3545209	9.43
10123768	18.90
10123769	19.23
3504573	7.02
10123770	18.37
3441562	18.54
10123771	19.53
3440103	12.05
10123772	12.26
10123780	16.08
10123781	20.36
10123782	23.41
10123783	19.71
10123784	14.24
10123785	15.30
10123786	18.64
10123787	8.19
10123788	7.79
10123789	20.93
3440196	6.55
3514163	13.70
3440189	21.68
3440190	19.44
3440277	13.94
10123790	25.89
10123791	20.61
10123792	18.86
10123793	9.55
10123794	17.31
10123805	19.18
3440200	15.72
3440188	19.82
3440186	21.45
10123806	15.83
10123807	25.89
10123808	23.57
10123809	10.74
10123810	20.83
10123811	8.52
10123812	21.11
10123813	19.22
10123814	20.49
10123815	19.41
10123816	16.41
10123817	7.60
10123818	18.21
10123819	10.30
10123820	8.79
10123821	19.45
10123822	6.89
10123823	8.87
10123824	18.87
10123825	25.27
10123842	12.00
10123843	13.73
10123844	26.20
10123845	20.90
10123846	22.53
10123847	15.24
10123848	13.08
10123849	22.13
10123850	11.53
10123851	9.32
10123852	11.56
10123853	9.78
10123854	2.37
10123855	6.59
10123856	5.56
10123857	19.37
10123858	20.28
10123859	13.10
10123860	8.06
10123861	12.42
10123862	8.91
10123863	18.17
10123864	20.38
10123894	9.85
10123895	17.33
10123896	10.79
10123897	8.67
3440104	4.48
10123898	19.19
10123899	13.14
10123900	26.24
10123901	12.78
3526519	13.96
3509630	5.87
3556669	14.36
3523896	25.26
3500415	22.77
3536923	9.33
3511875	23.01
3522850	7.20
3536006	10.50
3492107	12.80
10124191	8.68
3509398	8.38
10124195	23.93
3492123	2.81
3478578	7.04
10124259	15.73
10124260	18.76
10124261	18.36
3474993	20.79
10124631	21.26
10124633	24.09
10124635	14.81
3474999	21.77
3474998	19.65
10124639	26.05
3475000	24.62
3474996	23.05
3474988	21.16
10124640	11.72
3474991	22.02
3474985	10.19
10124647	12.03
10124648	24.85
3497562	24.29
3470590	19.98
3498098	27.96
3497508	9.49
3497652	11.11
3497582	10.44
3497501	6.61
3497506	16.06
3497572	17.31
3497576	12.22
3445748	24.88
3445670	23.27
3445755	10.15
3445759	17.71
3445757	21.07
3445758	24.30
10124944	27.52
3445669	25.84
10124945	21.45
3445753	24.05
3445751	19.03
10124946	9.06
10125369	8.90
10125371	7.83
3458298	22.52
3434329	15.39
10125422	11.43
3509259	9.40
10125423	13.00
3512768	11.18
3492639	17.50
3555070	21.61
3542827	12.42
3528916	10.78
3492711	12.63
3508128	18.77
3554258	24.14
3492707	27.74
3519320	20.57
3511612	31.70
10125499	8.17
10125500	5.61
10125501	17.56
10125502	17.07
10125503	15.38
3492794	13.29
3498567	16.66
3554017	13.39
3540342	11.55
3492637	12.19
10125528	12.21
10125529	13.89
10125534	16.88
10125535	22.83
10125536	21.83
10125537	22.14
3492710	18.47
3492723	14.88
3437351	16.47
3437352	14.69
3437353	12.37
3437355	21.09
3484197	23.35
3484183	21.76
10125679	15.50
3484187	16.68
3484185	18.93
10125680	22.86
3484192	26.89
3484193	21.96
3530466	14.95
3552177	21.15
3545201	6.52
3526537	24.81
3484189	19.03
3484200	17.65
3484196	20.09
3484201	19.54
3484181	17.22
3484202	15.37
10125710	21.11
10125711	9.50
10125712	19.73
3446066	17.10
3446067	13.79
10126176	15.24
10126177	17.54
3446072	21.29
3546319	16.62
3446071	17.00
3446070	21.76
3446063	24.11
3499927	19.85
3515071	23.42
3446059	17.07
3446054	20.42
3446062	15.01
10126181	24.11
10126182	28.23
3446052	24.97
3444185	26.65
3446061	19.69
3446060	19.84
10126183	18.67
3446053	25.23
10126184	28.43
10126185	14.72
3446055	21.79
3446056	17.59
10126186	23.81
3530110	20.38
3446057	18.21
10126187	10.79
10126188	19.94
10126189	18.83
10126190	23.10
10126191	17.08
10126192	20.19
10126193	23.68
10126194	10.61
10126195	18.88
3556526	12.68
3535596	12.82
3484430	24.00
3482805	9.34
3482806	8.51
3482804	11.19
3443552	24.52
3443551	20.93
2985635	10.54
10126686	13.97
10126687	8.01
3438353	28.63
10127040	7.23
10127041	14.84
3438352	11.33
3438351	26.19
3438271	19.96
3516257	17.95
3531882	16.15
3498425	27.64
3552376	19.68
3546545	24.28
10127066	6.79
10127067	18.80
3438273	11.41
10127090	24.03
3438349	11.10
3522672	nan
3505389	5.59
3472853	7.34
3456961	13.43
10127193	19.59
3542793	25.50
3492885	19.01
3492993	19.09
3501235	27.85
3492891	18.70
3492998	21.35
3507693	25.94
3539880	24.37
3492889	18.89
3555347	20.25
3492895	19.50
3448613	15.97
10127301	18.48
3492903	20.64
3448618	20.64
3513784	25.96
3492983	18.86
3491803	21.36
3448612	18.89
3492980	21.87
10127305	19.49
3448615	18.89
3492904	13.50
3492901	23.62
3446718	21.22
10127311	20.73
10127313	8.90
3552229	23.17
3468237	9.79
3469694	11.65
3475339	20.54
10127348	18.69
10127352	11.37
10127365	14.72
3541481	24.93
3515417	18.56
3552316	24.86
3502919	20.75
3497348	15.57
3497347	25.66
3497346	9.66
3497349	17.50
3496136	14.58
3496137	20.46
3487380	24.86
3487382	19.61
3487381	19.62
3487378	7.00
3520145	22.72
3543391	16.70
3504518	8.05
3531467	19.00
3541820	18.92
3542741	24.84
3548637	22.00
3517538	20.69
10128099	16.10
10128100	14.47
10128101	10.18
3541006	19.87
3532286	23.13
3556613	11.59
3500745	19.89
3549793	20.96
10128113	20.81
10128114	20.71
10128115	13.54
10128116	15.74
3513989	28.30
3517949	18.00
3552016	13.68
3498509	11.78
3438399	19.68
3506295	20.28
10128499	17.24
3508939	28.09
3438401	19.62
10128500	21.04
3438810	15.11
3471890	6.84
3497744	20.40
3497694	19.03
3497811	16.56
3476488	13.43
3476487	1.33
3493901	6.47
3493903	1.43
3493906	14.53
3493907	12.41
3493902	1.42
3493905	15.51
3493904	4.61
3444209	17.57
3444132	18.80
3444131	18.97
3434575	7.62
3434572	17.42
3434574	13.10
3434573	20.64
3448063	8.54
3448062	11.69
3448066	14.84
3448067	7.96
3448068	14.89
3448064	19.12
10131078	15.01
10131079	16.20
3439388	20.35
10132432	20.23
10132433	18.48
3442413	16.71
3442412	19.04
3442503	15.39
10132435	21.30
10132451	20.16
10132452	20.03
10132453	17.70
3442505	18.04
10132476	14.96
10132477	15.46
10132478	12.39
10132479	14.64
10132480	19.48
10132481	20.17
10132500	13.99
3508171	27.35
3496411	20.68
3496412	16.86
3496418	10.65
10132567	20.74
3496413	10.55
3496414	21.08
10132568	15.37
3496416	18.43
10132569	15.48
3446748	16.15
3454140	19.74
3454141	14.62
3496009	14.52
3496006	26.17
3496008	8.77
3496005	21.40
3496003	9.15
3496004	13.11
3496007	27.84
3454150	5.69
3454084	6.42
10132843	17.90
3454144	18.60
10132844	17.78
3454086	18.17
3454145	1.32
3454200	19.35
10132845	13.73
10132846	24.50
3454143	26.77
3454149	1.84
3454142	23.86
3454147	18.12
3454148	9.35
3454085	22.84
3454139	18.65
3496016	14.46
3496015	19.11
3496012	7.90
3496011	22.15
3496013	7.93
3486198	14.29
3474607	24.73
3474681	26.90
3474618	9.49
3474622	14.73
3474609	18.17
3474682	21.57
3478119	7.13
10132964	11.39
3474608	10.90
3474697	5.73
3474759	5.86
3474760	16.53
3474611	17.76
3474762	16.38
3474615	5.62
3474680	4.14
3474679	14.88
3474606	7.91
3474763	23.33
3474617	12.38
3474605	7.01
3474604	10.93
3474620	15.64
3474621	4.94
3474761	17.07
10133391	20.15
10133392	9.14
10133393	10.79
3537092	16.24
3554236	10.97
3443720	19.15
10133881	23.27
3504967	9.09
10133883	14.17
3465956	17.70
3465954	16.59
3465955	18.04
10134150	18.47
10134168	15.05
3465876	4.48
3538169	12.02
10134270	19.70
10134271	21.03
10134272	21.89
3453578	21.01
10134442	27.03
10134444	13.80
3453445	20.32
10134463	8.02
10134464	14.63
3478770	9.84
3523025	8.40
3450428	7.19
3450429	8.57
3450427	8.29
10135238	8.14
3436324	10.22
3467473	12.55
3467475	28.37
3467474	12.59
3467476	25.23
3467472	14.13
10136504	7.54
10136505	7.00
3513246	2.68
10136847	18.96
3459365	17.42
3459361	10.78
3459364	14.03
3435417	25.36
3435419	11.41
3507726	17.24
10136970	21.04
10136971	12.06
3435421	11.39
3535330	21.04
3435416	18.16
3435423	15.92
3435428	22.08
3435427	20.24
3435425	16.98
3465942	11.87
10137208	19.61
10137210	21.27
10137211	14.63
3530853	26.07
3500372	17.58
3436412	13.60
3543517	23.08
10137213	16.10
10137214	9.18
10137215	23.92
10137216	19.61
3436408	11.57
10137219	19.82
10137220	15.00
3522650	27.06
10137221	19.00
10137223	20.22
10137224	13.96
10137226	13.44
3465941	9.52
3465943	16.16
10137247	23.91
10137257	25.34
10137258	10.10
10137260	17.67
10137262	14.58
10137263	21.61
10137264	20.43
3524022	22.64
10137265	22.03
10137267	19.92
3547656	12.18
3539317	12.82
3449627	20.17
3449622	22.96
3449615	16.83
10137495	16.38
3449623	18.63
3449541	16.83
3449617	22.18
3449534	7.66
3449540	14.55
3449538	15.04
3449539	17.30
3449537	17.61
3449624	14.20
3449630	6.30
3449536	15.50
3449629	3.64
3449633	17.33
10137557	23.65
3476451	17.93
3476453	16.85
3476447	18.21
3445569	12.26
3469845	8.85
3469846	13.51
10138450	8.63
10138451	7.59
10138453	11.39
10138458	18.66
3453205	6.36
3453202	15.26
3453203	8.75
3453201	8.16
10138721	23.87
10138744	21.69
10138745	20.89
10138746	10.50
10138747	16.02
10138748	23.93
10138755	16.17
10138756	14.36
3472017	13.38
10138759	19.60
3472029	15.46
10138760	16.49
10138778	20.76
10138779	25.50
3517446	10.08
3445584	16.90
10138780	19.94
3445662	15.01
10138781	24.57
3491829	19.06
10138985	14.90
3451877	11.87
3451788	19.06
10138986	23.29
3476613	9.21
3440545	20.88
10139030	12.11
3475940	15.17
3475949	17.60
10139083	14.35
3460339	21.17
3460340	15.08
3449531	17.40
10140324	9.74
10140902	18.02
10140903	7.78
10140904	16.02
10140905	19.93
10140929	26.30
10141025	18.20
3535911	16.56
10141633	23.37
6619337	13.04
6742678	16.52
6619333	18.09
6619332	15.88
6619335	14.17
